aa: 		 [213]
ab: 		 [12958]
ac: 		 [16417]
ad: 		 [9278]
ae: 		 [2863]
af: 		 [2097]
ag: 		 [8134]
ah: 		 [1215]
ai: 		 [6289]
aj: 		 [283]
ak: 		 [2824]
al: 		 [38890]
am: 		 [10639]
an: 		 [36141]
ao: 		 [330]
ap: 		 [10118]
aq: 		 [305]
ar: 		 [29951]
as: 		 [15804]
at: 		 [41186]
au: 		 [5064]
av: 		 [3326]
aw: 		 [1889]
ax: 		 [1220]
ay: 		 [2513]
az: 		 [1405]
ba: 		 [8128]
bb: 		 [1677]
bc: 		 [392]
bd: 		 [427]
be: 		 [8530]
bf: 		 [146]
bg: 		 [89]
bh: 		 [166]
bi: 		 [8597]
bj: 		 [258]
bk: 		 [34]
bl: 		 [12405]
bm: 		 [238]
bn: 		 [165]
bo: 		 [6755]
bp: 		 [209]
bq: 		 [10]
br: 		 [5791]
bs: 		 [1539]
bt: 		 [497]
bu: 		 [4480]
bv: 		 [141]
bw: 		 [79]
bx: 		 [4]
by: 		 [559]
bz: 		 [10]
ca: 		 [21995]
cb: 		 [22]
cc: 		 [2289]
cd: 		 [52]
ce: 		 [13691]
cf: 		 [18]
cg: 		 [12]
ch: 		 [18398]
ci: 		 [10956]
ck: 		 [6505]
cl: 		 [4928]
cm: 		 [48]
cn: 		 [203]
co: 		 [23382]
cp: 		 [41]
cq: 		 [177]
cr: 		 [8111]
cs: 		 [1026]
ct: 		 [10134]
cu: 		 [7461]
cv: 		 [2]
cw: 		 [20]
cx: 		 [1]
cy: 		 [3335]
cz: 		 [42]
da: 		 [6485]
db: 		 [357]
dc: 		 [204]
dd: 		 [1788]
de: 		 [21455]
df: 		 [337]
dg: 		 [1032]
dh: 		 [437]
di: 		 [18473]
dj: 		 [294]
dk: 		 [47]
dl: 		 [3013]
dm: 		 [618]
dn: 		 [1422]
do: 		 [7706]
dp: 		 [187]
dq: 		 [12]
dr: 		 [4780]
ds: 		 [2701]
dt: 		 [140]
du: 		 [3289]
dv: 		 [377]
dw: 		 [478]
dx: 		 [2]
dy: 		 [1708]
dz: 		 [35]
ea: 		 [13592]
eb: 		 [2921]
ec: 		 [12917]
ed: 		 [30668]
ee: 		 [7260]
ef: 		 [3789]
eg: 		 [4028]
eh: 		 [1416]
ei: 		 [4064]
ej: 		 [386]
ek: 		 [648]
el: 		 [18404]
em: 		 [12415]
en: 		 [37543]
eo: 		 [5189]
ep: 		 [8280]
eq: 		 [925]
er: 		 [64993]
es: 		 [45671]
et: 		 [17614]
eu: 		 [4074]
ev: 		 [3322]
ew: 		 [2349]
ex: 		 [5154]
ey: 		 [1682]
ez: 		 [410]
fa: 		 [3513]
fb: 		 [49]
fc: 		 [40]
fd: 		 [37]
fe: 		 [5099]
ff: 		 [3053]
fg: 		 [22]
fh: 		 [42]
fi: 		 [6944]
fj: 		 [7]
fk: 		 [10]
fl: 		 [4059]
fm: 		 [43]
fn: 		 [44]
fo: 		 [5468]
fp: 		 [29]
fr: 		 [2750]
fs: 		 [315]
ft: 		 [1225]
fu: 		 [3864]
fv: 		 [2]
fw: 		 [42]
fx: 		 [3]
fy: 		 [926]
fz: 		 [5]
ga: 		 [7132]
gb: 		 [182]
gc: 		 [31]
gd: 		 [115]
ge: 		 [11676]
gf: 		 [120]
gg: 		 [2088]
gh: 		 [2829]
gi: 		 [8182]
gj: 		 [12]
gk: 		 [30]
gl: 		 [5487]
gm: 		 [835]
gn: 		 [2690]
go: 		 [4499]
gp: 		 [67]
gq: 		 [1]
gr: 		 [7098]
gs: 		 [1672]
gt: 		 [202]
gu: 		 [3590]
gv: 		 [5]
gw: 		 [202]
gy: 		 [1968]
gz: 		 [12]
ha: 		 [12775]
hb: 		 [304]
hc: 		 [115]
hd: 		 [137]
he: 		 [17971]
hf: 		 [261]
hg: 		 [70]
hh: 		 [110]
hi: 		 [13547]
hj: 		 [15]
hk: 		 [52]
hl: 		 [1666]
hm: 		 [864]
hn: 		 [909]
ho: 		 [14055]
hp: 		 [179]
hq: 		 [12]
hr: 		 [3810]
hs: 		 [821]
ht: 		 [2408]
hu: 		 [2483]
hv: 		 [27]
hw: 		 [396]
hy: 		 [7661]
hz: 		 [16]
ia: 		 [17677]
ib: 		 [4506]
ic: 		 [34684]
id: 		 [12071]
ie: 		 [13236]
if: 		 [6095]
ig: 		 [6889]
ih: 		 [404]
ii: 		 [304]
ij: 		 [115]
ik: 		 [2514]
il: 		 [15365]
im: 		 [8088]
in: 		 [59416]
io: 		 [21813]
ip: 		 [6712]
iq: 		 [493]
ir: 		 [7017]
is: 		 [34676]
it: 		 [24047]
iu: 		 [1864]
iv: 		 [8359]
iw: 		 [136]
ix: 		 [707]
iy: 		 [66]
iz: 		 [8056]
ja: 		 [1231]
jb: 		 [2]
jc: 		 [5]
jd: 		 [7]
je: 		 [1000]
jg: 		 [2]
jh: 		 [7]
ji: 		 [380]
jj: 		 [5]
jk: 		 [4]
jl: 		 [2]
jm: 		 [4]
jn: 		 [14]
jo: 		 [961]
jp: 		 [2]
jr: 		 [10]
js: 		 [3]
jt: 		 [3]
ju: 		 [1393]
jv: 		 [1]
jw: 		 [1]
jy: 		 [5]
ka: 		 [2063]
kb: 		 [260]
kc: 		 [56]
kd: 		 [59]
ke: 		 [7720]
kf: 		 [189]
kg: 		 [34]
kh: 		 [397]
ki: 		 [4310]
kj: 		 [23]
kk: 		 [116]
kl: 		 [1162]
km: 		 [239]
kn: 		 [762]
ko: 		 [877]
kp: 		 [140]
kq: 		 [1]
kr: 		 [355]
ks: 		 [1756]
kt: 		 [250]
ku: 		 [394]
kv: 		 [27]
kw: 		 [290]
kx: 		 [1]
ky: 		 [649]
kz: 		 [1]
la: 		 [23416]
lb: 		 [692]
lc: 		 [1203]
ld: 		 [2247]
le: 		 [33646]
lf: 		 [923]
lg: 		 [817]
lh: 		 [240]
li: 		 [31311]
lj: 		 [17]
lk: 		 [875]
ll: 		 [18023]
lm: 		 [1315]
ln: 		 [1073]
lo: 		 [18071]
lp: 		 [1381]
lq: 		 [19]
lr: 		 [182]
ls: 		 [2912]
lt: 		 [3477]
lu: 		 [6326]
lv: 		 [1043]
lw: 		 [300]
lx: 		 [10]
ly: 		 [19839]
lz: 		 [45]
ma: 		 [18237]
mb: 		 [4168]
mc: 		 [96]
md: 		 [90]
me: 		 [18340]
mf: 		 [229]
mg: 		 [34]
mh: 		 [79]
mi: 		 [17388]
mj: 		 [19]
mk: 		 [33]
ml: 		 [383]
mm: 		 [3373]
mn: 		 [904]
mo: 		 [11790]
mp: 		 [6822]
mq: 		 [6]
mr: 		 [114]
ms: 		 [1835]
mt: 		 [99]
mu: 		 [3787]
mv: 		 [79]
mw: 		 [88]
mx: 		 [1]
my: 		 [2547]
mz: 		 [14]
na: 		 [17241]
nb: 		 [1399]
nc: 		 [13253]
nd: 		 [14614]
ne: 		 [31404]
nf: 		 [3427]
ng: 		 [29321]
nh: 		 [1371]
ni: 		 [20106]
nj: 		 [505]
nk: 		 [2156]
nl: 		 [1748]
nm: 		 [1612]
nn: 		 [3757]
no: 		 [19585]
np: 		 [2540]
nq: 		 [486]
nr: 		 [2068]
ns: 		 [14448]
nt: 		 [28915]
nu: 		 [3086]
nv: 		 [1846]
nw: 		 [932]
nx: 		 [105]
ny: 		 [1672]
nz: 		 [502]
oa: 		 [3541]
ob: 		 [4507]
oc: 		 [10215]
od: 		 [7068]
oe: 		 [2674]
of: 		 [2119]
og: 		 [10407]
oh: 		 [961]
oi: 		 [5506]
oj: 		 [149]
ok: 		 [1720]
ol: 		 [17572]
om: 		 [16215]
on: 		 [45680]
oo: 		 [7438]
op: 		 [13840]
oq: 		 [320]
or: 		 [27838]
os: 		 [14776]
ot: 		 [12234]
ou: 		 [19460]
ov: 		 [6338]
ow: 		 [4340]
ox: 		 [1909]
oy: 		 [1039]
oz: 		 [701]
pa: 		 [11935]
pb: 		 [206]
pc: 		 [140]
pd: 		 [93]
pe: 		 [16792]
pf: 		 [174]
pg: 		 [73]
ph: 		 [15383]
pi: 		 [9754]
pj: 		 [21]
pk: 		 [70]
pl: 		 [7168]
pm: 		 [226]
pn: 		 [518]
po: 		 [11998]
pp: 		 [3534]
pq: 		 [3]
pr: 		 [14687]
ps: 		 [3686]
pt: 		 [4266]
pu: 		 [3637]
pv: 		 [8]
pw: 		 [186]
px: 		 [1]
py: 		 [1687]
pz: 		 [1]
qa: 		 [20]
qd: 		 [2]
qe: 		 [6]
qf: 		 [1]
qg: 		 [1]
qh: 		 [2]
qi: 		 [16]
ql: 		 [2]
qm: 		 [1]
qn: 		 [2]
qo: 		 [3]
qp: 		 [2]
qq: 		 [4]
qr: 		 [6]
qs: 		 [5]
qt: 		 [8]
qu: 		 [5581]
qv: 		 [2]
qw: 		 [2]
qy: 		 [1]
ra: 		 [33505]
rb: 		 [3012]
rc: 		 [5518]
rd: 		 [5512]
re: 		 [39657]
rf: 		 [1511]
rg: 		 [3131]
rh: 		 [1872]
ri: 		 [33260]
rj: 		 [180]
rk: 		 [1878]
rl: 		 [2773]
rm: 		 [6469]
rn: 		 [4095]
ro: 		 [29857]
rp: 		 [3341]
rq: 		 [145]
rr: 		 [5653]
rs: 		 [11781]
rt: 		 [8190]
ru: 		 [5625]
rv: 		 [1683]
rw: 		 [886]
rx: 		 [11]
ry: 		 [7320]
rz: 		 [105]
sa: 		 [8558]
sb: 		 [470]
sc: 		 [9120]
sd: 		 [251]
se: 		 [20464]
sf: 		 [489]
sg: 		 [257]
sh: 		 [10811]
si: 		 [17352]
sj: 		 [68]
sk: 		 [1758]
sl: 		 [3705]
sm: 		 [6658]
sn: 		 [2556]
so: 		 [8492]
sp: 		 [8215]
sq: 		 [951]
sr: 		 [270]
ss: 		 [20557]
st: 		 [33025]
su: 		 [10351]
sv: 		 [120]
sw: 		 [1382]
sy: 		 [2919]
sz: 		 [17]
ta: 		 [19874]
tb: 		 [542]
tc: 		 [1756]
td: 		 [195]
te: 		 [43023]
tf: 		 [747]
tg: 		 [272]
th: 		 [15389]
ti: 		 [48339]
tj: 		 [65]
tk: 		 [58]
tl: 		 [3436]
tm: 		 [877]
tn: 		 [706]
to: 		 [20509]
tp: 		 [398]
tq: 		 [20]
tr: 		 [19803]
ts: 		 [5603]
tt: 		 [5681]
tu: 		 [6991]
tv: 		 [75]
tw: 		 [1134]
tx: 		 [7]
ty: 		 [7270]
tz: 		 [301]
ua: 		 [3920]
ub: 		 [5244]
uc: 		 [4304]
ud: 		 [3528]
ue: 		 [3320]
uf: 		 [968]
ug: 		 [2294]
uh: 		 [84]
ui: 		 [4010]
uj: 		 [66]
uk: 		 [456]
ul: 		 [13590]
um: 		 [8181]
un: 		 [27391]
uo: 		 [1028]
up: 		 [5037]
uq: 		 [32]
ur: 		 [13538]
us: 		 [18441]
ut: 		 [9178]
uu: 		 [66]
uv: 		 [427]
uw: 		 [27]
ux: 		 [380]
uy: 		 [129]
uz: 		 [267]
va: 		 [4816]
vb: 		 [1]
vc: 		 [5]
vd: 		 [8]
ve: 		 [17686]
vg: 		 [7]
vh: 		 [1]
vi: 		 [6517]
vk: 		 [6]
vl: 		 [17]
vm: 		 [3]
vn: 		 [12]
vo: 		 [2500]
vp: 		 [3]
vr: 		 [105]
vs: 		 [21]
vt: 		 [8]
vu: 		 [441]
vv: 		 [43]
vw: 		 [2]
vy: 		 [133]
vz: 		 [3]
wa: 		 [4655]
wb: 		 [246]
wc: 		 [71]
wd: 		 [246]
we: 		 [3433]
wf: 		 [137]
wg: 		 [49]
wh: 		 [1473]
wi: 		 [3559]
wj: 		 [5]
wk: 		 [180]
wl: 		 [609]
wm: 		 [144]
wn: 		 [959]
wo: 		 [3241]
wp: 		 [104]
wq: 		 [2]
wr: 		 [743]
ws: 		 [718]
wt: 		 [156]
wu: 		 [104]
wv: 		 [1]
ww: 		 [82]
wy: 		 [154]
wz: 		 [20]
xa: 		 [1005]
xb: 		 [36]
xc: 		 [615]
xd: 		 [18]
xe: 		 [1077]
xf: 		 [38]
xg: 		 [13]
xh: 		 [189]
xi: 		 [2068]
xk: 		 [1]
xl: 		 [60]
xm: 		 [30]
xn: 		 [13]
xo: 		 [682]
xp: 		 [989]
xq: 		 [13]
xr: 		 [13]
xs: 		 [100]
xt: 		 [1183]
xu: 		 [280]
xv: 		 [8]
xw: 		 [36]
xx: 		 [10]
xy: 		 [706]
xz: 		 [1]
